3121343
1933717
1212497
684995
7093062
507789
6567891
280995
7446325
982239
854651
702747
6213756
3458811
6215338
1813699
3370051
6411440
2957121
273501
4283621
5941159
346371
1729141
6164929
4349893
576873
288963
521839
235355
755295
3147451
1568137
874057
701001
6989327
652597
3279085
7737843
758023
7197854
5782825
7206830
8033670
7963422
657723
6946163
639115
7892051
7906097
4467837
1007283
84831
7961937
2595687
7254457
1701599
8019748
811715
805221
1977291
3739845
3444403
5996361
7906139
4600681
7306595
2946117
477347
5384197
850565
1957205
5843798
6982465
723629
7907297
2435021
2787069
3577859
8046938
2777527
6467934
417125
7977443
1987729
1025031
4206161
417345
4608257
343551
590457
4199105
5135425
7906162
879449
2737119
787719
1085799
4353741
5152089
339691
2500723
963233
2011119
1542465
5237509
8040487
525225
2339151
1623755
576823
763003
5975626
7265966
1602901
1387513
1359925
6141879
2684153
7931692
7974520
7499082
806357
8182149
8012447
3547377
807223
961035
8042998
7401700
313399
3349011
356113
3840301
7961976
2732879
2728931
8198377
25990
3334491
2925731
4042541
586631
6049660
6894409
4011205
5574813
1922983
3654327
1697821
3308989
580165
6043582
1734733
3483383
1709
8040530
7930628
1665107
1653525
2821747
8072526
7493654
4144145
2596399
2219147
3215091
7172247
5813171
1889217
7813796
1817017
340625
2874057
532951
7841299
6447913
5558453
7904901
6091851
229939
589997
2998957
3251355
4862505
3396509
7588103
26115
2710507
3067781
3866749
5945152
1545149
348115
921785
2369283
119783
3494789
3119181
2739177
6418426
4350425
4850
861445
3726781
5072961
2723765
3143471
7234536
7113900
2782629
1211627
7714660
332435
3377701
553861
1024607
6365831
7998151
3266545
6300243
328457
7775747
230457
2681117
1796211
5894994
4127953
8197058
781443
340167
239065
1875751
6275938
692709
7194462
966333
1547995
159941
8057118
378177
453089
1750111
643885
5583933
5955341
3549831
3540965
8033980
7916286
254173
1656149
3559773
7246494
2510187
313997
5464945
571789
5787956
6004671
5360405
764957
8088585
302101
58139
5069697
387435
1075699
7961985
7569395
439967
7982849
1655883
22791
2796705
96295
1617855
227413
8018918
8034386
1790943
2666749
2556437
3026641
2060649
2508113
287295
232275
936741
1096365
2009765
3275945
5232169
5064353
6192807
6083747
838327
1680717
3622415
3434199
1625247
4919133
145427
5368265
2643685
791285
2919637
7135961
649117
5179849
108149
1080489
2072921
2884137
5255341
37705
2450151
2855619
4014561
8112650
2687999
716931
7631114
5261801
744373
6279859
169933
631073
4462193
6218216
7913687
2384625
73505
2061801
7031181
325669
3522151
6550268
461999
32136
792211
6539583
5946564
5316677
574425
1689899
399147
6116898
3035667
5848242
2858553
7590300
3677291
7866894
7316861
7274493
1632413
250393
216285
2830645
6262200
2610825
454127
2454867
1806503
1938767
7723415
5820848
446849
459687
5530553
610871
2685035
3412703
2668283
6030596
1031215
1784549
98251
3770335
3723921
759601
3810337
6978406
7961968
2038765
1593777
6240218
4609937
6442773
1773821
8113212
2838377
3596249
565131
301297
237845
3582375
152405
1032967
6234313
234511
1334623
940603
7908375
632633
7890640
5615217
7381966
988673
3625147
616185
99695
557769
7962130
4682397
257843
7442496
5809934
2505595
29538
460859
6018088
6135143
673771
7035235
63297
269887
4441217
740063
6819029
5848850
3588637
162383
6298078
889361
608663
224861
784853
1100035
7228142
2004349
7340711
45703
7355903
4982321
452201
2382883
7987416
3551073
6990862
243889
27434
5888316
6227033
907551
6335170
7419949
2711871
318625
1814885
438003
327869
807177
8054743
327745
1954213
3712913
1553383
138773
281661
13696
2504761
1701077
574829
6991584
2758119
3433299
1903081
216391
3529755
417095
1585185
102571
7338975
6236825
2560081
381931
156669
2667969
4003697
4616245
4645197
696183
2547195
788275
7300048
1902489
3695877
2105149
34242
3739587
5274901
2720007
257729
189727
3028671
4223149
3161803
1578289
6965537
3347939
2508191
3356411
5032053
368845
8115347
3029875
174413
6428572
6356283
7251158
7529
1074663
4054277
7221383
7798606
8112627
1847225
951213
6511155
7978223
1609305
7151895
173051
872377
1220535
1605231
1609381
1638439
1646761
1673413
2457639
2996963
3776627
4216433
6285253
30661
81827
446103
511837
743903
775923
914983
1524685
1857805
2489647
2702807
2727099
3092063
3205667
3848977
4667017
4710029
5121221
6344816
2647935
4187329
283037
7174780
112327
1932705
3253675
432827
3502783
5671189
508569
1335757
3461975
182703
2511599
2569363
6373189
525441
2883693
3544909
4734097
7584543
20624
3190609
5744473
5535297
6551530
925961
7979943
410915
1022625
4512489
3645653
252501
658007
7905606
6348715
6794259
7259607
3560591
6005031
4990061
3372771
3025217
1865989
6178537
2696287
4582633
230339
3739027
2465479
167
7641944
809973
5911642
3634293
6229197
724439
1055589
4657381
3227361
7718128
8194977
2616703
15990
2687435
6151612
2828987
3577411
3264867
1612319
758115
892947
6953018
6032362
607863
2712785
2946891
2359943
2553527
8093375
1639233
5285493
2917717
7241491
7845540
6059950
6319520
8085244
2453755
1213095
167985
1874699
2996271
2539383
711051
3492927
296325
2670265
108257
1085089
1004793
5818486
4470809
5876322
5022313
220045
2849429
212483
6131749
1064965
2906243
3696071
79249
5532953
1787749
24696
1988297
30276
914079
6408975
413249
3064649
1889845
2575069
27272
310087
3369081
5913778
970647
3226571
6450586
7358006
4251597
908127
7844437
7059740
3840853
2689687
4521069
3540583
923629
296563
264153
26798
1883627
1024941
4603401
4290417
1062119
6178478
2949143
6052372
7661559
7961587
142873
2603299
1714211
229509
181193
176111
4515
1382475
3927881
3138419
7762637
537237
3017689
26013
7670076
662421
3049353
169861
15861
558571
234437
3110
7312059
144135
3435079
7007441
6330359
7802421
3721803
7951137
3398173
19571
283085
659165
2607449
3028657
3207171
885179
769707
621561
8168955
5949056
7558824
199347
1936157
6059809
2659387
3321403
9616
182395
1621369
7882352
390017
66873
306163
5930269
799333
1186141
1992159
2844087
25051
3863029
38505
13978
3450377
118971
1927295
587173
6440814
6051094
1960893
341341
3563039
6002132
8044142
6247453
380039
410261
2105957
6124996
7959590
2952087
5541181
7728458
4726509
128715
3431917
2050945
1657573
7434220
169559
5789165
2982615
4637
3385897
6171408
521211
1940061
203845
5878697
5908417
3092533
109159
2095943
1585093
1628927
4080305
4822229
937977
3005339
1649753
2756991
2861977
7746566
805425
2867885
6988776
151399
235489
3265827
1543899
3503957
6138275
409997
2748079
6822304
6266159
989687
6263987
1630261
813981
75975
7371457
5631873
7862489
3057547
7693232
2752733
463269
4587413
6888855
241577
1943969
6854919
1730719
5870212
2634097
3614485
173185
7732759
2116109
5804811
1658793
770829
3397699
216455
669281
1611137
13729
7280256
216359
5744357
5818505
714047
423047
6289115
7965883
4413005
76083
1648657
441791
5152229
6263124
7754901
1674289
6974213
402281
2374769
291555
681001
3191957
5014361
6288370
24866
291783
880447
2065595
4811281
5996935
7346251
6082898
5099
81319
387491
1038763
2436855
4372189
7018770
184769
984273
4905481
9670
548327
1679055
2874263
2590827
348475
106619
1552231
7929900
3119551
2804631
223177
282895
735757
1711017
2725645
7181419
549581
1655543
593725
8023898
7994287
498073
353513
1688835
6237231
2881257
21847
337267
7077986
2532227
3767049
554907
1927909
71997
3052091
3314239
1436377
4011553
4606693
1547323
1011359
7743004
5186533
7086169
2659167
54841
411065
2638993
2663401
2740681
3384127
7276342
2506837
5836968
6035318
2671367
630041
7694111
7867698
2662937
5924174
2570787
6121445
269545
4607237
5850866
270197
1608153
2890677
4859621
4242753
1069471
3404501
10141
52205
586917
7424941
14091
521937
933853
687515
2716917
1546877
2338833
8073825
424849
1821389
6867663
8125525
3416141
4268473
1304541
233769
6043353
4163033
6306349
3478321
5801265
2063223
7904875
54431
3390161
8137558
4229713
7485617
5315941
309825
5932567
7927164
1888763
1061259
4607713
408749
7003908
7842
91975
6242084
2698755
6038075
6991251
3731897
7482922
82447
3410545
6322198
4843529
4591193
4894393
1632499
3864781
3272591
538541
1920025
2780647
6291531
7276529
1654249
7225997
5801258
789275
8150374
142
156545
790595
1090521
3659053
6356493
7863657
8116785
158035
338795
1903943
6248895
2493475
119713
6339161
5420069
20179
233789
7271869
279431
3011633
11919
652905
1625451
3617765
4911421
5457745
7465118
522337
515305
3263349
1598301
5788321
1376835
4159781
99629
3041021
8063005
6098985
219889
7506565
5243325
3258627
3337053
2809169
18918
5183293
7969206
167191
1619133
6020380
26695
120195
2833659
5237961
7067595
239435
1595343
177701
109445
7159049
7165491
1742637
101697
6023545
3630805
1212239
4944681
2842535
1974837
2038085
2949897
2985089
3295203
6305114
6310859
7845417
2692581
2820175
3272289
247059
714209
6239014
6573671
4230937
3396577
3468973
432787
4415745
7534961
4483
1837817
1211381
1618843
139489
1671107
6341224
3157555
971109
2090321
897945
6110293
8101087
1666831
4937721
757255
3161535
615153
1846519
841899
1875553
6422931
4623325
4799225
6359196
599105
7087864
7200563
1626661
296949
2976267
4245097
1082995
2767747
7309733
251581
1655767
930487
621123
3364363
26240
558865
1001389
2816835
2908731
2941937
3189977
4889137
6068547
7876273
7893433
3367203
81993
957015
995989
1020841
1575791
1603551
1968493
2397769
2802761
4506465
5476769
5656949
5808849
5867602
6229310
6257555
6351425
6973243
7196846
7809252
3220809
626061
5703045
2136243
3041123
4472009
745721
1630581
381785
3044933
5500729
5902559
7710902
1841805
3964917
5977325
6590938
108377
6237342
1667253
7343502
3237605
5079361
8083340
2521857
2576685
6830161
6418481
7307163
1039063
144179
4835
5502537
5226777
6862794
860451
554677
7768
59073
572403
1338251
1924393
2432337
2681473
2911151
8160263
22243
1610709
7865629
141261
1196363
1535655
1554173
3018883
3560705
5150377
6400463
110021
343847
648537
1000635
1637245
4309965
4388429
6253478
5522037
7791878
3517201
7489070
1639251
1890299
5195189
5994772
1929665
1881233
7879896
7945732
4897089
852679
3797553
5142829
7712342
5976121
796933
2929187
5055877
7878089
5106801
6195895
6255711
301123
6390802
234259
328835
411461
1539017
1977211
2626525
2843051
5828665
6426502
6154417
4741093
3410445
5393841
536111
191239
674399
1803451
4975149
296775
42400
1068859
2896397
3617711
23016
5981117
6262692
3415147
4235513
5017497
24261
8116135
7013919
758883
2346841
1301093
2577201
5860505
2323775
5282337
2361849
4723389
6580904
4825053
3440485
504383
24300
146017
599585
683425
786135
1869641
2711041
4158985
5987474
6043146
5055533
2922743
3175333
7980171
1373627
2092363
915527
309663
1372861
1500731
1735529
1905075
2534099
2543857
2643251
2698879
2812653
3121095
3642691
3704429
3743857
3840005
5099373
5231465
5933114
6044053
6155407
8117372
2587559
7239597
6529377
1064197
3045831
4432597
7186731
5340797
2938295
982673
6543379
1040761
1605093
88405
5508117
2570089
19528
150979
790387
1713463
7799005
7660161
264197
788789
5960503
3362707
7864253
817929
4873
237423
2508147
4558793
4951957
2673039
7794669
514739
6250069
6197727
21434
891351
2773709
4191
2444229
2865965
3417095
6443320
7109597
521429
6279025
582259
711895
148229
421151
1933319
4306097
7254607
680389
166523
7651851
2975609
589517
678585
613003
1951175
2362745
6471040
7477927
306107
1303915
1547055
6326037
6354575
1651147
935805
7260458
771901
967861
1011343
1031313
1088131
1574559
1702217
1860901
2474557
2569559
2829109
2906731
3314131
3319873
3380189
5050689
5969246
5990693
6198961
2071159
3079283
7992674
4557997
6154134
222419
202979
94691
351923
563499
1329301
1575055
1696073
2815443
2928899
3005599
3059659
3282213
3478057
5120961
6502810
2368485
784751
2892809
2772297
5385313
1678101
7004616
8141882
1067245
425713
2951595
5964195
234357
927869
3590125
62459
1969965
74775
926985
7306274
730567
7549689
18468
20599
746515
1638591
1869567
1114379
5905062
6030786
517229
1681583
2453889
2626837
3123923
4391933
6047552
7889040
3446681
118239
1719653
2614045
6189055
632505
17672
231005
651015
1930815
3587935
3713217
122071
187213
4073897
3572807
1850105
5086809
431157
2813563
4339313
532187
2860037
96079
8161740
3469941
8175284
5815620
5105669
696327
2982195
5219085
168247
756347
1648191
1684303
1816207
1987473
2900055
6326062
4356517
158805
1650831
3273603
355459
2836861
273671
5345
9748
48365
181085
264569
279663
406031
411485
527835
1311477
1564239
1606109
1748737
2353973
2497001
2520021
2829005
3045865
3216163
4524497
7208844
5067569
6190505
5331493
82807
4474229
57925
738213
2736885
7226565
256965
7130232
2580107
125917
5821237
3670693
5368005
4954541
5454137
410633
398215
192095
6491901
7938630
2107829
7960734
8105414
8163522
1631481
2914919
968649
7906341
2635005
2514181
687795
7294277
2983419
3721617
2962285
7824264
355579
3580615
1009555
2535249
4671813
7033831
8178636
898193
402511
6043849
2949083
1088729
913879
747123
982941
1950035
3296731
5410689
782657
3736087
617375
906081
3259289
2563459
501229
6228092
7911333
76061
5789107
1101743
7194668
161951
525887
718621
2983881
3189383
163231
1668005
7506299
2700633
3025817
7120570
552667
608849
5806575
295817
1991355
7213318
2600551
4684733
24109
1586005
3213923
5924900
5424041
4503421
166013
2553205
927863
6840347
995761
7841263
1656815
5308381
3040019
262463
3555345
5902024
3993513
6256179
7734658
1101655
3953261
2780311
7006691
6826022
2832575
987679
358893
3041433
3153875
3436947
6012460
6381352
285205
510233
6156053
7754889
520355
75155
240235
2716631
7284271
49813
762051
6098672
1916819
3066217
3499659
5072597
7048301
675861
3695053
3335809
885263
7032512
7276305
3741693
3083405
820763
7539535
7611789
942445
2727007
3148665
23821
2833817
6825605
3667837
6064844
705027
7809355
226951
6277041
7975468
7260593
3334617
7754127
97575
997157
5960237
35062
3147505
7623130
2788069
2789961
4847425
22545
374985
1315749
579249
5112681
5991492
861891
1446865
2638645
8063312
1949905
7069506
8151673
3490619
2451587
881771
6004217
1369337
2951375
3918045
3542843
7586796
7876183
7928629
1105759
2365811
3393985
3738763
5278429
6315090
7611950
807831
5171517
6856965
454887
537361
5009509
737237
3220685
945955
7607269
7129215
432725
4932493
5888813
295903
3494469
337563
7540231
8906
8110041
769077
7606847
7231567
2543221
5249777
508667
18946
56713
817259
1028761
1593225
2936521
5628057
848421
6067155
655635
4379961
3067
6463806
3490699
63801
149601
356389
3666905
1546651
5762861
7372842
7841671
34973
608075
4893477
1628
1719351
4054793
7159571
7187964
535069
701947
4795797
3050101
1915917
7916366
2674275
3422727
4431513
33176
136551
842397
3255847
4700549
8115011
346613
7028300
7898999
5780
4179509
317629
6362879
7803624
7378257
7634141
2762371
6416773
894009
8114229
232075
386551
572047
1614253
1806531
2878637
4502593
5858893
6368284
6478388
50927
184021
1044447
1628673
3335321
106053
5563389
8149959
5081217
7553730
6572324
1818199
12559
21327
28272
63933
138193
158073
206971
311559
312515
332023
334585
517605
540963
597833
858931
921191
1012075
1030325
1073167
1320857
1644869
1796037
1992227
2219629
2691395
2757805
2795297
2804223
3121999
3146629
3420503
3535931
3967757
4031489
4145637
4748297
5016337
5088945
5193981
5542185
5571585
5624945
5791402
5855552
6952072
7025289
7316086
7327314
7872269
7956948
8008963
8019985
8037444
8045191
8055403
8115454
8154627
2388459
6381592
922181
2763001
8039874
1259765
533203
2863093
6937
153015
299411
335471
344181
448895
459921
527929
698129
874913
880055
949439
998397
1014491
1536245
1599387
1784897
2108997
2412029
2579275
2621981
2744335
3017691
3408551
3499981
3534575
3620859
3699883
4377753
4501933
4802253
5281893
5826696
5832510
5931258
5965455
5992231
6027706
6096659
6187466
6246758
6460364
6993765
7297677
7418163
7507486
7538823
7559357
7570152
7866205
7876214
7882303
7922587
8009272
8056849
8168654
3548859
6371580
7204126
3268543
6341491
7994267
7129737
53195
107615
110781
853221
906945
2664623
2754757
3201551
172
2201
4678
5007
9343
11987
13823
16620
21927
23308
25192
27066
27563
28241
49707
53471
71255
97271
104959
117577
145221
160059
169677
214615
253717
269195
275649
285935
310577
313293
320099
328075
347209
359781
366587
369045
376599
379785
395979
403659
412911
412977
437761
439367
442213
511689
518171
519905
526849
544273
545541
576259
584293
631631
634297
653797
654305
663739
672361
678521
692849
699083
700047
707425
707535
732967
737265
772229
774325
799715
805733
817983
855161
871629
891595
905757
922163
965505
975707
995679
998699
1006245
1006429
1021281
1043481
1069473
1072473
1086825
1095015
1101033
1298711
1328535
1352247
1387707
1526679
1540155
1549915
1550051
1556767
1557625
1572907
1573621
1592627
1595017
1603737
1604625
1625173
1646029
1665937
1687151
1689199
1718629
1725945
1738471
1760201
1802731
1806021
1834995
1847537
1894209
1915219
1923547
1958029
1963709
1965605
2062485
2063659
2358427
2359227
2384873
2400735
2406733
2451381
2517679
2565885
2574503
2590755
2606563
2654287
2668793
2669839
2685133
2688739
2692457
2692715
2733259
2744319
2791643
2834209
2842567
2843871
2846563
2854977
2859483
2865273
2914877
2936213
2941659
2942191
2942313
2968257
2988021
3000003
3022745
3027223
3048739
3052093
3061459
3077491
3081445
3104657
3112917
3121371
3137481
3144431
3157807
3160083
3168197
3188419
3215607
3217253
3217935
3222319
3249079
3251007
3269059
3270563
3321283
3352385
3408607
3436149
3492571
3495517
3502855
3504245
3506775
3516493
3526315
3533785
3562179
3562979
3577599
3621147
3660567
3701105
3709425
3715467
3726807
3918429
3960573
3971869
3974581
4007149
4023805
4056413
4085813
4108709
4130993
4179665
4254749
4287881
4402281
4408813
4441929
4536697
4655325
4672449
4792349
4941233
4956913
5190645
5194557
5267645
5322305
5326753
5423929
5578329
5609645
5791421
5813438
5850829
5857238
5877793
5880056
5899119
5899500
5900607
5900731
5901683
5916192
5947920
5983660
6022040
6052514
6090427
6116153
6167649
6171921
6176623
6180155
6199596
6228579
6234183
6240145
6242768
6265434
6310605
6334960
6359762
6363267
6365746
6392057
6400562
6404021
6470580
6471278
6565760
6567896
6599031
6687698
6815441
6831536
6858614
6895657
6986507
6999395
7014185
7058646
7119468
7138800
7166769
7178721
7243877
7257838
7273986
7276014
7278359
7287445
7311532
7311601
7316827
7335216
7337227
7357716
7408050
7413613
7448344
7562877
7615965
7645706
7668996
7686483
7698641
7753194
7777960
7790556
7791708
7792797
7796864
7831474
7843315
7871649
7873843
7874279
7877751
7885807
7889700
7901224
7902537
7954419
7974690
7978483
7979748
7980662
8012477
8029148
8052545
8111452
8118183
8163444
8182351
8193620
8197222
1495697
7978176
6205560
7813409
21846
3654417
3530791
7162869
95319
761693
3701217
3892329
3699453
5042973
